1685499018941 1.91 10
1685499019405 1.91 10
1685499039384 3.91 20
1685499039844 3.91 20
1685499059814 5.91 30
1685499060298 5.91 30
1685499080460 7.91 40
1685499080940 7.91 40
1685499103217 9.91 50
1685499103702 9.91 50
1685499123978 11.91 60
1685499124461 11.91 60
1685499144869 13.91 70
1685499145347 13.91 70
1685499165865 15.91 80
1685499166349 15.91 80
1685499186780 17.91 90
1685499187264 17.91 90
1685499207708 19.91 100
1685499208202 19.91 100
1685499228640 21.91 110
1685499229122 21.91 110
1685499249320 23.91 120
1685499249794 23.91 120
1685499270059 25.91 130
1685499270531 25.91 130
1685499290746 27.91 140
1685499291231 27.91 140
1685499311488 29.91 150
1685499311971 29.91 150
1685499332275 31.91 160
1685499332758 31.91 160
1685499352882 33.91 170
1685499353363 33.91 170
1685499373479 35.91 180
1685499373962 35.91 180
1685499394948 37.91 190
1685499395434 37.91 190
1685499415710 39.91 200
1685499416196 39.91 200
1685499436458 41.91 210
1685499436946 41.91 210
1685499457274 43.91 220
1685499457756 43.91 220
