1685499018941 64.3773 10
1685499039384 64.2633 20
1685499059814 60.8284 30
1685499080460 54.8797 40
1685499103217 45.8565 50
1685499123978 32.15 60
1685499144869 14.4122 70
1685499165865 4.8834 80
1685499186780 4.2358 90
1685499207708 3.497 100
1685499228640 2.1866 110
1685499249320 0.7384 120
1685499270059 0.2409 130
1685499290746 0.12 140
1685499311488 0.0914 150
1685499332275 0.0661 160
1685499352882 0.0511 170
1685499373479 0.0419 180
1685499394948 0.0321 190
1685499415710 0.0265 200
1685499436458 0.0217 210
1685499457274 0.0175 220
