1684870574161 2e-05 10
1684870595364 4e-05 20
1684870616519 6e-05 30
1684870637969 8e-05 40
1684870659315 0.0001 50
1684870680834 0.00012 60
1684870702113 0.00014000000000000001 70
1684870723680 0.00016 80
1684870745173 0.00017999999999999998 90
1684870766798 0.0002 100
1684870788627 0.00022 110
1684870810113 0.00024 120
1684870831558 0.00026000000000000003 130
1684870852965 0.00028000000000000003 140
1684870874504 0.0003 150
1684870896256 0.00032 160
1684870917765 0.00034 170
1684870939435 0.00035999999999999997 180
1684870961210 0.00038 190
1684870982857 0.0004 200
1684871004497 0.00042 210
