1684876952058 2.78 87000
1684878225690 17401.91 87010
1684878226162 17401.91 87010
1684878247752 17403.91 87020
1684878248231 17403.91 87020
1684878268700 17405.91 87030
1684878269182 17405.91 87030
1684878289835 17407.91 87040
1684878290313 17407.91 87040
1684878311194 17409.91 87050
1684878311667 17409.91 87050
1684878332396 17411.91 87060
1684878332867 17411.91 87060
1684878353667 17413.91 87070
1684878354155 17413.91 87070
1684878375027 17415.91 87080
1684878375497 17415.91 87080
1684878397867 17417.91 87090
1684878398334 17417.91 87090
1684878419157 17419.91 87100
1684878419634 17419.91 87100
1684878440470 17421.91 87110
1684878440961 17421.91 87110
1684878461867 17423.91 87120
1684878462354 17423.91 87120
1684878483369 17425.91 87130
1684878483839 17425.91 87130
1684878504757 17427.91 87140
1684878505240 17427.91 87140
1684878526223 17429.91 87150
1684878526703 17429.91 87150
1684878547828 17431.91 87160
1684878548396 17431.91 87160
1684878569396 17433.91 87170
1684878569883 17433.91 87170
1684878590968 17435.91 87180
1684878591471 17435.91 87180
1684878612508 17437.91 87190
1684878612994 17437.91 87190
1684878634257 17439.91 87200
1684878634744 17439.91 87200
1684878656025 17441.91 87210
1684878656519 17441.91 87210
1684878677793 17443.91 87220
1684878678294 17443.91 87220
1684878699767 17445.91 87230
1684878700266 17445.91 87230
1684878721520 17447.91 87240
1684878722026 17447.91 87240
1684878743362 17449.91 87250
1684878743875 17449.91 87250
1684878765194 17451.91 87260
1684878765698 17451.91 87260
1684878787134 17453.91 87270
1684878787638 17453.91 87270
1684878808994 17455.91 87280
1684878809509 17455.91 87280
1684878830830 17457.91 87290
1684878831336 17457.91 87290
1684878852813 17459.91 87300
1684878853325 17459.91 87300
1684878874790 17461.91 87310
1684878875307 17461.91 87310
1684878896823 17463.91 87320
1684878897329 17463.91 87320
1684878918861 17465.91 87330
1684878919372 17465.91 87330
1684878941084 17467.91 87340
1684878941597 17467.91 87340
1684878963409 17469.91 87350
1684878963944 17469.91 87350
1684878985490 17471.91 87360
1684878986015 17471.91 87360
1684879007750 17473.91 87370
1684879008269 17473.91 87370
1684879030246 17475.91 87380
1684879030749 17475.91 87380
1684879052515 17477.91 87390
1684879053022 17477.91 87390
1684879074992 17479.91 87400
1684879075508 17479.91 87400
1684879097203 17481.91 87410
1684879097722 17481.91 87410
1684879119231 17483.91 87420
1684879119747 17483.91 87420
1684879141334 17485.91 87430
1684879141847 17485.91 87430
1684879163346 17487.91 87440
1684879163857 17487.91 87440
1684879185407 17489.91 87450
1684879185918 17489.91 87450
1684879207650 17491.91 87460
1684879208163 17491.91 87460
1684879229608 17493.91 87470
1684879230116 17493.91 87470
1684879251574 17495.91 87480
1684879252091 17495.91 87480
1684879273580 17497.91 87490
1684879274105 17497.91 87490
1684879295679 17499.91 87500
1684879296199 17499.91 87500
1684879317761 17501.91 87510
1684879318285 17501.91 87510
1684879339833 17503.91 87520
1684879340345 17503.91 87520
1684879361975 17505.91 87530
1684879362488 17505.91 87530
1684879384143 17507.91 87540
1684879384667 17507.91 87540
1684879406222 17509.91 87550
1684879406742 17509.91 87550
1684879428346 17511.91 87560
1684879428878 17511.91 87560
1684879450447 17513.91 87570
1684879450960 17513.91 87570
1684879472533 17515.91 87580
1684879473058 17515.91 87580
1684879494672 17517.91 87590
1684879495181 17517.91 87590
1684879516922 17519.91 87600
1684879517446 17519.91 87600
1684879539166 17521.91 87610
1684879539697 17521.91 87610
1684879561351 17523.91 87620
1684879561878 17523.91 87620
1684879583516 17525.91 87630
1684879584021 17525.91 87630
1684879605498 17527.91 87640
1684879605998 17527.91 87640
1684879627605 17529.91 87650
1684879628121 17529.91 87650
1684879649557 17531.91 87660
1684879650079 17531.91 87660
1684879671566 17533.91 87670
1684879672076 17533.91 87670
1684879693592 17535.91 87680
1684879694106 17535.91 87680
1684879715551 17537.91 87690
1684879716062 17537.91 87690
1684879737636 17539.91 87700
1684879738146 17539.91 87700
