1684513317193 0.02 600
1684513494179 0.02 700
1684513674042 0.03 800
1684513854883 0.03 900
1684514035370 0.03 1000
1684514399296 0.03 1000
1684514581080 0.04 1100
1684514759095 0.04 1200
1684514936774 0.04 1300
1684515115042 0.04 1400
1684515293327 0.05 1500
1684515481857 0.05 1600
1684515668076 0.05 1700
1684515855431 0.06 1800
1684516042493 0.06 1900
1684516229744 0.06 2000
1684516611990 0.06 2000
1684516800920 0.07 2100
1684516988931 0.07 2200
1684517176722 0.07 2300
1684517364139 0.08 2400
1684517551671 0.08 2500
1684517740837 0.08 2600
1684517928196 0.09 2700
1684518115851 0.09 2800
1684518302778 0.09 2900
1684518490116 0.1 3000
1684518870068 0.1 3000
1684519060086 0.1 3100
1684519248213 0.1 3200
1684519436434 0.11 3300
1684519624438 0.11 3400
1684519813109 0.11 3500
1684520003851 0.12 3600
1684520192761 0.12 3700
1684520381276 0.12 3800
1684520570078 0.12 3900
1684520758313 0.13 4000
1684521144118 0.13 4000
1684521334145 0.13 4100
1684521523257 0.13 4200
1684521711673 0.14 4300
1684521899808 0.14 4400
1684522088007 0.14 4500
1684522277276 0.15 4600
1684522464993 0.15 4700
1684522653032 0.15 4800
1684522841596 0.16 4900
1684523030194 0.16 5000
1684523412731 0.16 5000
1684523603479 0.16 5100
1684523791320 0.17 5200
1684523979128 0.17 5300
1684524167077 0.17 5400
1684524354995 0.18 5500
1684524545047 0.18 5600
1684524733263 0.18 5700
1684524921631 0.19 5800
1684525109625 0.19 5900
1684525297842 0.19 6000
1684525682052 0.19 6000
1684525872261 0.2 6100
1684526060003 0.2 6200
1684526248069 0.2 6300
1684526436072 0.2 6400
1684526623990 0.21 6500
1684526814339 0.21 6600
1684527002854 0.21 6700
1684527191041 0.22 6800
1684527378569 0.22 6900
1684527566791 0.22 7000
1684527950095 0.22 7000
1684528140583 0.23 7100
1684528328631 0.23 7200
1684528516143 0.23 7300
1684528703757 0.24 7400
1684528891637 0.24 7500
1684529080533 0.24 7600
1684529268218 0.25 7700
1684529455805 0.25 7800
1684529644015 0.25 7900
1684529832043 0.26 8000
1684530214271 0.26 8000
1684530403920 0.26 8100
1684530591534 0.26 8200
1684530778835 0.27 8300
1684530966058 0.27 8400
1684531154030 0.27 8500
1684531343853 0.28 8600
1684531531329 0.28 8700
1684531719583 0.28 8800
1684531907717 0.28 8900
1684532095928 0.29 9000
1684532478467 0.29 9000
1684532667824 0.29 9100
1684532855958 0.29 9200
1684533043395 0.3 9300
1684533230193 0.3 9400
1684533417098 0.3 9500
1684533605710 0.31 9600
1684533792279 0.31 9700
1684533978211 0.31 9800
1684534164081 0.32 9900
1684534350747 0.32 10000
1684534728046 0.32 10000
1684534916658 0.32 10100
1684535103095 0.33 10200
1684535288505 0.33 10300
1684535474280 0.33 10400
1684535659291 0.34 10500
1684535846655 0.34 10600
1684536031809 0.34 10700
1684536217194 0.35 10800
1684536402301 0.35 10900
1684536586834 0.35 11000
1684536962032 0.35 11000
1684537149019 0.36 11100
1684537333731 0.36 11200
1684537519474 0.36 11300
1684537704557 0.36 11400
1684537889792 0.37 11500
1684538078442 0.37 11600
1684538263075 0.37 11700
1684538448249 0.38 11800
1684538633090 0.38 11900
1684538817891 0.38 12000
1684539192954 0.38 12000
1684539380403 0.39 12100
1684539565497 0.39 12200
1684539751385 0.39 12300
1684539937431 0.4 12400
1684540123027 0.4 12500
1684540309680 0.4 12600
1684540495424 0.41 12700
1684540681117 0.41 12800
1684540866746 0.41 12900
1684541052188 0.42 13000
1684541428023 0.42 13000
1684541615330 0.42 13100
1684541800705 0.42 13200
1684541986816 0.43 13300
1684542172310 0.43 13400
1684542356987 0.43 13500
1684542544205 0.44 13600
1684542728498 0.44 13700
1684542913103 0.44 13800
1684543097045 0.44 13900
1684543281750 0.45 14000
1684543658617 0.45 14000
1684543845214 0.45 14100
1684544029885 0.45 14200
1684544214164 0.46 14300
1684544398699 0.46 14400
1684544582623 0.46 14500
1684544769798 0.47 14600
1684544954440 0.47 14700
1684545139068 0.47 14800
1684545323983 0.48 14900
1684545508481 0.48 15000
1684545884279 0.48 15000
1684546070843 0.48 15100
1684546254943 0.49 15200
1684546438960 0.49 15300
1684546623655 0.49 15400
1684546808452 0.5 15500
1684546994749 0.5 15600
1684547178882 0.5 15700
1684547362800 0.51 15800
1684547547480 0.51 15900
1684547732016 0.51 16000
1684548105651 0.51 16000
1684548291908 0.52 16100
1684548476310 0.52 16200
1684548660324 0.52 16300
1684548845417 0.52 16400
1684549030058 0.53 16500
1684549217284 0.53 16600
1684549401658 0.53 16700
1684549585544 0.54 16800
1684549769973 0.54 16900
