1684513317193 0.0002 600
1684513494179 0.0004 700
1684513674042 0.0004997493734335839 800
1684513854883 0.0004992481203007519 900
1684514035370 0.0004987468671679198 1000
1684514581080 0.0004982456140350878 1100
1684514759095 0.0004977443609022556 1200
1684514936774 0.0004972431077694236 1300
1684515115042 0.0004967418546365915 1400
1684515293327 0.0004962406015037594 1500
1684515481857 0.0004957393483709273 1600
1684515668076 0.0004952380952380952 1700
1684515855431 0.0004947368421052632 1800
1684516042493 0.0004942355889724311 1900
1684516229744 0.000493734335839599 2000
1684516800920 0.0004932330827067669 2100
1684516988931 0.0004927318295739349 2200
1684517176722 0.0004922305764411027 2300
1684517364139 0.0004917293233082707 2400
1684517551671 0.0004912280701754386 2500
1684517740837 0.0004907268170426066 2600
1684517928196 0.0004902255639097745 2700
1684518115851 0.0004897243107769424 2800
1684518302778 0.0004892230576441103 2900
1684518490116 0.0004887218045112781 3000
1684519060086 0.00048822055137844614 3100
1684519248213 0.0004877192982456141 3200
1684519436434 0.00048721804511278193 3300
1684519624438 0.0004867167919799499 3400
1684519813109 0.00048621553884711777 3500
1684520003851 0.0004857142857142857 3600
1684520192761 0.00048521303258145367 3700
1684520381276 0.00048471177944862156 3800
1684520570078 0.0004842105263157895 3900
1684520758313 0.0004837092731829574 4000
1684521334145 0.0004832080200501253 4100
1684521523257 0.00048270676691729324 4200
1684521711673 0.00048220551378446114 4300
1684521899808 0.0004817042606516291 4400
1684522088007 0.000481203007518797 4500
1684522277276 0.00048070175438596493 4600
1684522464993 0.0004802005012531329 4700
1684522653032 0.00047969924812030077 4800
1684522841596 0.00047919799498746866 4900
1684523030194 0.00047869674185463656 5000
1684523603479 0.0004781954887218045 5100
1684523791320 0.00047769423558897245 5200
1684523979128 0.00047719298245614035 5300
1684524167077 0.0004766917293233083 5400
1684524354995 0.0004761904761904762 5500
1684524545047 0.00047568922305764414 5600
1684524733263 0.00047518796992481203 5700
1684524921631 0.0004746867167919799 5800
1684525109625 0.0004741854636591479 5900
1684525297842 0.00047368421052631577 6000
1684525872261 0.0004731829573934837 6100
1684526060003 0.00047268170426065166 6200
1684526248069 0.00047218045112781956 6300
1684526436072 0.0004716791979949875 6400
1684526623990 0.00047117794486215535 6500
1684526814339 0.0004706766917293233 6600
1684527002854 0.00047017543859649124 6700
1684527191041 0.00046967418546365914 6800
1684527378569 0.0004691729323308271 6900
1684527566791 0.000468671679197995 7000
1684528140583 0.0004681704260651629 7100
1684528328631 0.0004676691729323309 7200
1684528516143 0.00046716791979949877 7300
1684528703757 0.00046666666666666666 7400
1684528891637 0.00046616541353383456 7500
1684529080533 0.0004656641604010025 7600
1684529268218 0.00046516290726817045 7700
1684529455805 0.00046466165413533835 7800
1684529644015 0.0004641604010025063 7900
1684529832043 0.0004636591478696742 8000
1684530403920 0.00046315789473684214 8100
1684530591534 0.00046265664160401003 8200
1684530778835 0.0004621553884711779 8300
1684530966058 0.00046165413533834587 8400
1684531154030 0.00046115288220551377 8500
1684531343853 0.0004606516290726817 8600
1684531531329 0.00046015037593984966 8700
1684531719583 0.00045964912280701756 8800
1684531907717 0.0004591478696741855 8900
1684532095928 0.00045864661654135334 9000
1684532667824 0.0004581453634085213 9100
1684532855958 0.00045764411027568924 9200
1684533043395 0.00045714285714285713 9300
1684533230193 0.0004566416040100251 9400
1684533417098 0.000456140350877193 9500
1684533605710 0.0004556390977443609 9600
1684533792279 0.00045513784461152887 9700
1684533978211 0.0004546365914786967 9800
1684534164081 0.00045413533834586466 9900
1684534350747 0.00045363408521303255 10000
1684534916658 0.0004531328320802005 10100
1684535103095 0.00045263157894736845 10200
1684535288505 0.00045213032581453634 10300
1684535474280 0.0004516290726817043 10400
1684535659291 0.0004511278195488722 10500
1684535846655 0.00045062656641604013 10600
1684536031809 0.00045012531328320803 10700
1684536217194 0.0004496240601503759 10800
1684536402301 0.00044912280701754387 10900
1684536586834 0.00044862155388471176 11000
1684537149019 0.0004481203007518797 11100
1684537333731 0.00044761904761904766 11200
1684537519474 0.00044711779448621555 11300
1684537704557 0.0004466165413533835 11400
1684537889792 0.00044611528822055134 11500
1684538078442 0.0004456140350877193 11600
1684538263075 0.00044511278195488724 11700
1684538448249 0.00044461152882205513 11800
1684538633090 0.0004441102756892231 11900
1684538817891 0.000443609022556391 12000
1684539380403 0.0004431077694235589 12100
1684539565497 0.00044260651629072687 12200
1684539751385 0.0004421052631578947 12300
1684539937431 0.00044160401002506266 12400
1684540123027 0.00044110275689223055 12500
1684540309680 0.0004406015037593985 12600
1684540495424 0.00044010025062656645 12700
1684540681117 0.00043959899749373434 12800
1684540866746 0.0004390977443609023 12900
1684541052188 0.0004385964912280702 13000
1684541615330 0.0004380952380952381 13100
1684541800705 0.000437593984962406 13200
1684541986816 0.0004370927318295739 13300
1684542172310 0.00043659147869674187 13400
1684542356987 0.00043609022556390976 13500
1684542544205 0.0004355889724310777 13600
1684542728498 0.00043508771929824566 13700
1684542913103 0.00043458646616541355 13800
1684543097045 0.00043408521303258145 13900
1684543281750 0.00043358395989974934 14000
1684543845214 0.0004330827067669173 14100
1684544029885 0.00043258145363408524 14200
1684544214164 0.00043208020050125313 14300
1684544398699 0.0004315789473684211 14400
1684544582623 0.00043107769423558897 14500
1684544769798 0.0004305764411027569 14600
1684544954440 0.00043007518796992487 14700
1684545139068 0.0004295739348370927 14800
1684545323983 0.00042907268170426066 14900
1684545508481 0.00042857142857142855 15000
1684546070843 0.0004280701754385965 15100
1684546254943 0.00042756892230576445 15200
1684546438960 0.00042706766917293234 15300
1684546623655 0.0004265664160401003 15400
1684546808452 0.0004260651629072682 15500
1684546994749 0.0004255639097744361 15600
1684547178882 0.000425062656641604 15700
1684547362800 0.0004245614035087719 15800
1684547547480 0.00042406015037593987 15900
1684547732016 0.00042355889724310776 16000
1684548291908 0.0004230576441102757 16100
1684548476310 0.00042255639097744366 16200
1684548660324 0.00042205513784461155 16300
