1684878225690 0.0 87010
1684878247752 0.0 87020
1684878268700 0.0 87030
1684878289835 0.0 87040
1684878311194 0.0 87050
1684878332396 0.0 87060
1684878353667 0.0 87070
1684878375027 0.0 87080
1684878397867 0.0 87090
1684878419157 0.0 87100
1684878440470 0.0 87110
1684878461867 0.0 87120
1684878483369 0.0 87130
1684878504757 0.0 87140
1684878526223 0.0 87150
1684878547828 0.0 87160
1684878569396 0.0 87170
1684878590968 0.0 87180
1684878612508 0.0 87190
1684878634257 0.0 87200
1684878656025 0.0 87210
1684878677793 0.0 87220
1684878699767 0.0 87230
1684878721520 0.0 87240
1684878743362 0.0 87250
1684878765194 0.0 87260
1684878787134 0.0 87270
1684878808994 0.0 87280
1684878830830 0.0 87290
1684878852813 0.0 87300
1684878874790 0.0 87310
1684878896823 0.0 87320
1684878918861 0.0 87330
1684878941084 0.0 87340
1684878963409 0.0 87350
1684878985490 0.0 87360
1684879007750 0.0 87370
1684879030246 0.0 87380
1684879052515 0.0 87390
1684879074992 0.0 87400
1684879097203 0.0 87410
1684879119231 0.0 87420
1684879141334 0.0 87430
1684879163346 0.0 87440
1684879185407 0.0 87450
1684879207650 0.0 87460
1684879229608 0.0 87470
1684879251574 0.0 87480
1684879273580 0.0 87490
1684879295679 0.0 87500
1684879317761 0.0 87510
1684879339833 0.0 87520
1684879361975 0.0 87530
1684879384143 0.0 87540
1684879406222 0.0 87550
1684879428346 0.0 87560
1684879450447 0.0 87570
1684879472533 0.0 87580
1684879494672 0.0 87590
1684879516922 0.0 87600
1684879539166 0.0 87610
1684879561351 0.0 87620
1684879583516 0.0 87630
1684879605498 0.0 87640
1684879627605 0.0 87650
1684879649557 0.0 87660
1684879671566 0.0 87670
1684879693592 0.0 87680
1684879715551 0.0 87690
1684879737636 0.0 87700
