1684870574161 1.91 10
1684870574639 1.91 10
1684870595364 3.91 20
1684870595839 3.91 20
1684870616519 5.91 30
1684870617005 5.91 30
1684870637969 7.91 40
1684870638439 7.91 40
1684870659315 9.91 50
1684870659805 9.91 50
1684870680834 11.91 60
1684870681318 11.91 60
1684870702113 13.91 70
1684870702591 13.91 70
1684870723680 15.91 80
1684870724163 15.91 80
1684870745173 17.91 90
1684870745664 17.91 90
1684870766798 19.91 100
1684870767286 19.91 100
1684870788627 21.91 110
1684870789120 21.91 110
1684870810113 23.91 120
1684870810600 23.91 120
1684870831558 25.91 130
1684870832045 25.91 130
1684870852965 27.91 140
1684870853464 27.91 140
1684870874504 29.91 150
1684870874988 29.91 150
1684870896256 31.91 160
1684870896751 31.91 160
1684870917765 33.91 170
1684870918255 33.91 170
1684870939435 35.91 180
1684870939932 35.91 180
1684870961210 37.91 190
1684870961705 37.91 190
1684870982857 39.91 200
1684870983342 39.91 200
1684871004497 41.91 210
1684871004995 41.91 210
