1684870574161 64.3773 10
1684870595364 64.2633 20
1684870616519 60.8284 30
1684870637969 54.8797 40
1684870659315 45.8565 50
1684870680834 32.15 60
1684870702113 14.4122 70
1684870723680 4.8834 80
1684870745173 4.2358 90
1684870766798 3.497 100
1684870788627 2.1866 110
1684870810113 0.7384 120
1684870831558 0.2409 130
1684870852965 0.12 140
1684870874504 0.0914 150
1684870896256 0.0661 160
1684870917765 0.0511 170
1684870939435 0.0419 180
1684870961210 0.0321 190
1684870982857 0.0265 200
1684871004497 0.0217 210
