1685499018941 2e-05 10
1685499039384 4e-05 20
1685499059814 6e-05 30
1685499080460 8e-05 40
1685499103217 0.0001 50
1685499123978 0.00012 60
1685499144869 0.00014000000000000001 70
1685499165865 0.00016 80
1685499186780 0.00017999999999999998 90
1685499207708 0.0002 100
1685499228640 0.00022 110
1685499249320 0.00024 120
1685499270059 0.00026000000000000003 130
1685499290746 0.00028000000000000003 140
1685499311488 0.0003 150
1685499332275 0.00032 160
1685499352882 0.00034 170
1685499373479 0.00035999999999999997 180
1685499394948 0.00038 190
1685499415710 0.0004 200
1685499436458 0.00042 210
1685499457274 0.00044 220
