1684513317193 0.068 600
1684513494179 0.0716 700
1684513674042 0.0801 800
1684513854883 0.0657 900
1684514035370 0.0632 1000
1684514581080 0.066 1100
1684514759095 0.0638 1200
1684514936774 0.0612 1300
1684515115042 0.0587 1400
1684515293327 0.0553 1500
1684515481857 0.0581 1600
1684515668076 0.0601 1700
1684515855431 0.058 1800
1684516042493 0.0547 1900
1684516229744 0.0551 2000
1684516800920 0.0552 2100
1684516988931 0.0571 2200
1684517176722 0.0533 2300
1684517364139 0.0506 2400
1684517551671 0.0544 2500
1684517740837 0.0517 2600
1684517928196 0.0512 2700
1684518115851 0.052 2800
1684518302778 0.0531 2900
1684518490116 0.0493 3000
1684519060086 0.052 3100
1684519248213 0.0535 3200
1684519436434 0.0499 3300
1684519624438 0.0501 3400
1684519813109 0.0475 3500
1684520003851 0.049 3600
1684520192761 0.0466 3700
1684520381276 0.0479 3800
1684520570078 0.0469 3900
1684520758313 0.0501 4000
1684521334145 0.0477 4100
1684521523257 0.0504 4200
1684521711673 0.0444 4300
1684521899808 0.0505 4400
1684522088007 0.0486 4500
1684522277276 0.0434 4600
1684522464993 0.0492 4700
1684522653032 0.0447 4800
1684522841596 0.0461 4900
1684523030194 0.0411 5000
1684523603479 0.0448 5100
1684523791320 0.0419 5200
1684523979128 0.0476 5300
1684524167077 0.0469 5400
1684524354995 0.0492 5500
1684524545047 0.0446 5600
1684524733263 0.0454 5700
1684524921631 0.0443 5800
1684525109625 0.0422 5900
1684525297842 0.0467 6000
1684525872261 0.0428 6100
1684526060003 0.0443 6200
1684526248069 0.0448 6300
1684526436072 0.0446 6400
1684526623990 0.0401 6500
1684526814339 0.0437 6600
1684527002854 0.042 6700
1684527191041 0.0401 6800
1684527378569 0.0438 6900
1684527566791 0.0442 7000
1684528140583 0.0411 7100
1684528328631 0.043 7200
1684528516143 0.0423 7300
1684528703757 0.0418 7400
1684528891637 0.0408 7500
1684529080533 0.0422 7600
1684529268218 0.0396 7700
1684529455805 0.0449 7800
1684529644015 0.0432 7900
1684529832043 0.0436 8000
1684530403920 0.0406 8100
1684530591534 0.0448 8200
1684530778835 0.0412 8300
1684530966058 0.04 8400
1684531154030 0.0381 8500
1684531343853 0.0395 8600
1684531531329 0.0415 8700
1684531719583 0.0429 8800
1684531907717 0.0383 8900
1684532095928 0.0428 9000
1684532667824 0.0391 9100
1684532855958 0.039 9200
1684533043395 0.0426 9300
1684533230193 0.0382 9400
1684533417098 0.0401 9500
1684533605710 0.0426 9600
1684533792279 0.04 9700
1684533978211 0.0406 9800
1684534164081 0.0385 9900
1684534350747 0.043 10000
1684534916658 0.0393 10100
1684535103095 0.0395 10200
1684535288505 0.0407 10300
1684535474280 0.0391 10400
1684535659291 0.0429 10500
1684535846655 0.0439 10600
1684536031809 0.0428 10700
1684536217194 0.0391 10800
1684536402301 0.0391 10900
1684536586834 0.039 11000
1684537149019 0.0391 11100
1684537333731 0.0409 11200
1684537519474 0.0401 11300
1684537704557 0.0392 11400
1684537889792 0.0412 11500
1684538078442 0.037 11600
1684538263075 0.0405 11700
1684538448249 0.0398 11800
1684538633090 0.0388 11900
1684538817891 0.0373 12000
1684539380403 0.038 12100
1684539565497 0.0384 12200
1684539751385 0.0381 12300
1684539937431 0.038 12400
1684540123027 0.0363 12500
1684540309680 0.0375 12600
1684540495424 0.0375 12700
1684540681117 0.0396 12800
1684540866746 0.0376 12900
1684541052188 0.0354 13000
1684541615330 0.039 13100
1684541800705 0.0402 13200
1684541986816 0.0388 13300
1684542172310 0.0424 13400
1684542356987 0.037 13500
1684542544205 0.0352 13600
1684542728498 0.0392 13700
1684542913103 0.0391 13800
1684543097045 0.0373 13900
1684543281750 0.0368 14000
1684543845214 0.0387 14100
1684544029885 0.0405 14200
1684544214164 0.0356 14300
1684544398699 0.0389 14400
1684544582623 0.0376 14500
1684544769798 0.0386 14600
1684544954440 0.0386 14700
1684545139068 0.0393 14800
1684545323983 0.0385 14900
1684545508481 0.0351 15000
1684546070843 0.0402 15100
1684546254943 0.0336 15200
1684546438960 0.0366 15300
1684546623655 0.0344 15400
1684546808452 0.0351 15500
1684546994749 0.0373 15600
1684547178882 0.0359 15700
1684547362800 0.0386 15800
1684547547480 0.0373 15900
1684547732016 0.0374 16000
1684548291908 0.037 16100
1684548476310 0.0366 16200
1684548660324 0.0363 16300
1684548845417 0.0376 16400
1684549030058 0.0375 16500
1684549217284 0.0385 16600
1684549401658 0.0378 16700
1684549585544 0.0384 16800
1684549769973 0.0368 16900
