1684875404255 1.91 10
1684875404730 1.91 10
1684875425053 3.91 20
1684875425529 3.91 20
1684875446179 5.91 30
1684875446650 5.91 30
1684875467229 7.91 40
1684875467715 7.91 40
1684875488242 9.91 50
1684875488721 9.91 50
1684875509364 11.91 60
1684875509855 11.91 60
1684875530634 13.91 70
1684875531116 13.91 70
1684875551867 15.91 80
1684875552354 15.91 80
1684875573217 17.91 90
1684875573706 17.91 90
1684875594747 19.91 100
1684875595227 19.91 100
1684875616251 21.91 110
1684875616742 21.91 110
1684875637764 23.91 120
1684875638247 23.91 120
1684875659121 25.91 130
1684875659617 25.91 130
1684875680602 27.91 140
1684875681092 27.91 140
1684875702137 29.91 150
1684875702626 29.91 150
1684875723771 31.91 160
1684875724266 31.91 160
